3 128 8 0.3
  -1.520474e+04   -5.601128e+03    2.857699e+03    4.825490e-05    4.823569e+00    6.595349e-01    5.236744e-08    3.580000e+02    2.500385e+01    8.300014e+01
  -1.515127e+04   -4.069973e+03    4.143274e+03    9.449576e-03    4.730804e+00    8.033326e-01    7.987825e-02    3.580000e+02    3.283052e+01    1.260533e+02
  -1.509780e+04   -2.538817e+03    5.428850e+03    4.251496e-03    4.072067e+00    7.058326e-01    5.106180e-03    3.580000e+02    2.605879e+01    8.438089e+01
  -1.504433e+04   -1.007662e+03    6.714425e+03    2.857217e-02    4.346170e+00    1.764209e+00    5.694721e-01    3.580000e+02    5.006125e+01    1.159396e+02
  -1.499086e+04    5.234940e+02    8.000000e+03    1.997724e-02    3.924550e+00    9.857411e-01    2.425241e-01    3.580000e+02    2.858347e+01    9.808721e+01
  -1.493739e+04    2.054650e+03    9.285575e+03    5.106920e-04    4.233506e+00    9.442916e-01    2.954172e-01    3.580000e+02    3.110971e+01    1.142157e+02
  -1.488392e+04    3.585805e+03    1.057115e+04    3.942079e-05    4.120701e+00    9.218336e-01    2.956699e-01    3.580000e+02    2.934041e+01    8.443799e+01
  -1.483046e+04    5.116960e+03    1.185673e+04    2.957842e-03    4.665241e+00    8.908516e-01    1.684438e-01    3.580000e+02    3.308864e+01    1.180690e+02
  -1.333088e+04   -5.666565e+03    2.857699e+03    2.079430e-02    4.525407e+00    1.410809e+00    4.574095e-01    3.580000e+02    2.778394e+01    9.618128e+01
  -1.327741e+04   -4.135409e+03    4.143274e+03    4.595772e-02    4.099844e+00    1.284063e+00    4.114484e-01    3.580000e+02    4.846046e+01    1.173985e+02
  -1.322394e+04   -2.604254e+03    5.428850e+03    4.553224e-02    3.860512e+00    1.104249e+00    3.231627e-01    3.580000e+02    2.822915e+01    1.362190e+02
  -1.317047e+04   -1.073098e+03    6.714425e+03    9.699015e-02    3.818620e+00    1.022312e+00    2.518769e-01    3.580000e+02    4.743291e+01    1.428683e+02
  -1.311700e+04    4.580573e+02    8.000000e+03    6.608184e-02    3.723530e+00    8.353052e-01    1.016856e-01    3.580000e+02    4.949138e+01    9.213185e+01
  -1.306354e+04    1.989213e+03    9.285575e+03    3.609388e-02    3.687583e+00    1.825051e+00    5.965235e-01    3.580000e+02    3.381165e+01    9.095454e+01
  -1.301007e+04    3.520368e+03    1.057115e+04    1.933154e-02    3.750648e+00    1.078540e+00    3.359920e-01    3.580000e+02    5.270610e+01    9.217635e+01
  -1.295660e+04    5.051524e+03    1.185673e+04    3.177915e-03    4.054065e+00    1.573406e+00    5.516673e-01    3.580000e+02    2.718333e+01    8.866256e+01
  -1.145702e+04   -5.732002e+03    2.857699e+03    6.368413e-03    4.298693e+00    1.074477e+00    3.372259e-01    3.580000e+02    3.462580e+01    1.060954e+02
  -1.140355e+04   -4.200846e+03    4.143274e+03    4.475001e-02    3.527079e+00    2.501723e+00    7.033842e-01    3.580000e+02    5.367587e+01    1.087611e+02
  -1.135008e+04   -2.669691e+03    5.428850e+03    1.608264e-01    3.460606e+00    1.470838e+00    4.712414e-01    3.580000e+02    3.171329e+01    1.210913e+02
  -1.129662e+04   -1.138535e+03    6.714425e+03    5.597141e-02    3.228653e+00    1.233510e+00    4.140024e-01    3.580000e+02    5.171301e+01    1.391201e+02
  -1.124315e+04    3.926205e+02    8.000000e+03    8.495383e-02    3.224852e+00    1.004241e+00    2.652562e-01    3.580000e+02    5.460452e+01    1.329725e+02
  -1.118968e+04    1.923776e+03    9.285575e+03    7.141095e-02    3.134085e+00    7.993912e-01    7.048173e-02    3.580000e+02    3.336872e+01    1.303452e+02
  -1.113621e+04    3.454932e+03    1.057115e+04    2.872238e-02    3.376982e+00    1.812151e+00    5.988247e-01    3.580000e+02    4.264530e+01    1.004478e+02
  -1.108274e+04    4.986087e+03    1.185673e+04    7.767015e-03    3.863902e+00    1.059417e+00    3.253463e-01    3.580000e+02    2.744718e+01    9.750876e+01
  -9.583166e+03   -5.797438e+03    2.857699e+03    8.367901e-04    4.106945e+00    8.920005e-01    2.505391e-01    3.580000e+02    3.598463e+01    9.889838e+01
  -9.529697e+03   -4.266283e+03    4.143274e+03    4.276854e-02    3.330479e+00    1.734123e+00    5.769209e-01    3.580000e+02    4.909362e+01    1.326260e+02
  -9.476228e+03   -2.735127e+03    5.428850e+03    1.540929e-01    2.954311e+00    9.804894e-01    2.219417e-01    3.580000e+02    4.561342e+01    1.252292e+02
  -9.422759e+03   -1.203972e+03    6.714425e+03    2.470790e-01    2.523671e+00    9.223061e-01    1.662109e-01    3.580000e+02    3.170856e+01    8.558786e+01
  -9.369289e+03    3.271837e+02    8.000000e+03    2.052467e-01    2.662936e+00    1.383408e+00    4.509169e-01    3.580000e+02    4.395861e+01    8.701778e+01
  -9.315819e+03    1.858339e+03    9.285575e+03    3.914503e-01    2.746174e+00    1.704950e+00    5.330708e-01    3.580000e+02    4.404482e+01    1.163068e+02
  -9.262351e+03    3.389495e+03    1.057115e+04    2.535656e-01    2.882833e+00    2.147892e+00    6.274835e-01    3.580000e+02    4.318932e+01    1.356478e+02
  -9.208882e+03    4.920650e+03    1.185673e+04    6.779169e-03    3.129460e+00    1.219164e+00    4.232821e-01    3.580000e+02    5.334700e+01    1.221749e+02
  -7.709309e+03   -5.862875e+03    2.857699e+03    1.860748e-02    3.290154e+00    1.006525e+00    2.710331e-01    3.580000e+02    2.803098e+01    8.852161e+01
  -7.655839e+03   -4.331720e+03    4.143274e+03    7.602540e-02    2.858285e+00    1.045427e+00    2.866703e-01    3.580000e+02    3.761034e+01    8.498611e+01
  -7.602370e+03   -2.800564e+03    5.428850e+03    3.745240e-01    2.336357e+00    1.861128e+00    5.788996e-01    3.580000e+02    4.684573e+01    1.342370e+02
  -7.548900e+03   -1.269409e+03    6.714425e+03    6.125933e-02    2.328119e+00    1.778927e+00    6.039332e-01    3.580000e+02    3.564610e+01    1.086515e+02
  -7.495432e+03    2.617470e+02    8.000000e+03    2.055081e-01    2.174887e+00    1.963860e+00    6.210493e-01    3.580000e+02    4.853059e+01    1.248103e+02
  -7.441962e+03    1.792903e+03    9.285575e+03    3.372906e-01    2.229956e+00    1.538503e+00    4.946691e-01    3.580000e+02    5.101417e+01    1.250306e+02
  -7.388493e+03    3.324058e+03    1.057115e+04    6.169249e-02    2.418594e+00    1.372184e+00    4.638369e-01    3.580000e+02    3.946604e+01    1.243283e+02
  -7.335023e+03    4.855214e+03    1.185673e+04    1.795587e-02    2.772457e+00    8.610896e-01    1.507796e-01    3.580000e+02    3.723000e+01    1.178967e+02
  -5.835451e+03   -5.928312e+03    2.857699e+03    7.250898e-03    3.042468e+00    1.509631e+00    5.384174e-01    3.580000e+02    5.069805e+01    1.208970e+02
  -5.781981e+03   -4.397157e+03    4.143274e+03    1.023552e-01    2.558228e+00    1.108878e+00    3.249326e-01    3.580000e+02    4.491961e+01    1.031768e+02
  -5.728512e+03   -2.866001e+03    5.428850e+03    2.286202e-01    1.945482e+00    1.190472e+00    3.580268e-01    3.580000e+02    2.854206e+01    1.327795e+02
  -5.675042e+03   -1.334845e+03    6.714425e+03    1.626802e-01    1.719805e+00    1.846301e+00    5.984281e-01    3.580000e+02    3.252613e+01    1.202113e+02
  -5.621573e+03    1.963103e+02    8.000000e+03    2.127149e-02    1.741668e+00    7.229968e-01    5.756580e-02    3.580000e+02    3.456996e+01    1.237959e+02
  -5.568104e+03    1.727466e+03    9.285575e+03    1.659907e-01    1.894776e+00    8.345863e-01    9.723669e-02    3.580000e+02    4.066395e+01    1.215215e+02
  -5.514635e+03    3.258621e+03    1.057115e+04    1.990357e-01    1.909220e+00    2.024636e+00    6.162046e-01    3.580000e+02    4.565443e+01    9.935724e+01
  -5.461166e+03    4.789777e+03    1.185673e+04    3.084318e-02    2.441550e+00    1.563915e+00    5.238546e-01    3.580000e+02    3.797602e+01    1.172872e+02
  -3.961593e+03   -5.993749e+03    2.857699e+03    3.349841e-03    2.819802e+00    1.070311e+00    3.614496e-01    3.580000e+02    2.939247e+01    1.253571e+02
  -3.908124e+03   -4.462593e+03    4.143274e+03    6.533178e-02    2.153364e+00    1.032691e+00    2.891347e-01    3.580000e+02    4.595008e+01    1.019144e+02
  -3.854654e+03   -2.931438e+03    5.428850e+03    1.333815e-01    1.659073e+00    1.857632e+00    6.045392e-01    3.580000e+02    3.457513e+01    1.330981e+02
  -3.801185e+03   -1.400282e+03    6.714425e+03    3.965687e-01    1.324232e+00    8.489532e-01    8.344329e-02    3.580000e+02    4.151345e+01    1.088768e+02
  -3.747716e+03    1.308735e+02    8.000000e+03    1.730286e-01    1.261769e+00    1.405861e+00    4.727434e-01    3.580000e+02    4.454835e+01    1.030309e+02
  -3.694247e+03    1.662029e+03    9.285575e+03    1.305267e-01    1.321617e+00    1.592903e+00    5.366843e-01    3.580000e+02    2.738456e+01    1.325388e+02
  -3.640777e+03    3.193185e+03    1.057115e+04    2.958670e-01    1.619493e+00    1.209996e+00    3.488948e-01    3.580000e+02    5.377724e+01    1.164365e+02
  -3.587308e+03    4.724340e+03    1.185673e+04    3.527009e-02    2.020534e+00    1.343519e+00    4.443348e-01    3.580000e+02    4.062786e+01    9.835344e+01
  -2.087735e+03   -6.059186e+03    2.857699e+03    3.263505e-02    2.760998e+00    1.616208e+00    5.382093e-01    3.580000e+02    2.737040e+01    1.369342e+02
  -2.034266e+03   -4.528030e+03    4.143274e+03    5.311783e-02    1.877698e+00    1.229048e+00    4.152171e-01    3.580000e+02    3.561129e+01    1.145414e+02
  -1.980797e+03   -2.996874e+03    5.428850e+03    4.931015e-02    1.408816e+00    1.384900e+00    4.952112e-01    3.580000e+02    5.423284e+01    1.125414e+02
  -1.927327e+03   -1.465719e+03    6.714425e+03    2.635795e-02    9.156861e-01    9.696804e-01    2.907671e-01    3.580000e+02    2.811036e+01    8.959779e+01
  -1.873858e+03    6.543675e+01    8.000000e+03    2.534005e-01    5.099120e-01    1.109437e+00    3.164274e-01    3.580000e+02    3.934304e+01    1.002041e+02
  -1.820389e+03    1.596592e+03    9.285575e+03    3.759232e-01    8.055021e-01    1.114422e+00    3.032273e-01    3.580000e+02    3.964175e+01    1.328585e+02
  -1.766919e+03    3.127748e+03    1.057115e+04    2.486044e-02    1.462227e+00    8.414844e-01    1.688598e-01    3.580000e+02    4.370259e+01    9.836826e+01
  -1.713450e+03    4.658904e+03    1.185673e+04    1.308195e-02    1.804817e+00    1.377254e+00    4.892039e-01    3.580000e+02    4.730468e+01    1.209640e+02
  -2.138772e+02   -6.124623e+03    2.857699e+03    3.002732e-02    2.676963e+00    8.962256e-01    1.689479e-01    3.580000e+02    2.672897e+01    1.113834e+02
  -1.604079e+02   -4.593467e+03    4.143274e+03    7.701872e-02    1.721668e+00    2.314141e+00    6.791288e-01    3.580000e+02    3.944640e+01    1.348548e+02
  -1.069386e+02   -3.062311e+03    5.428850e+03    4.382974e-02    1.270392e+00    1.576150e+00    5.578518e-01    3.580000e+02    5.264344e+01    1.347244e+02
  -5.346929e+01   -1.531156e+03    6.714425e+03    3.170994e-01    5.914500e-01    9.784216e-01    2.175753e-01    3.580000e+02    2.537073e+01    1.165215e+02
   0.000000e+00    0.000000e+00    8.000000e+03    2.461826e-01    0.000000e+00    9.552913e-01    2.205888e-01    3.580000e+02    5.176771e+01    1.085061e+02
   5.346929e+01    1.531156e+03    9.285575e+03    1.896345e-01    6.514807e-01    1.734783e+00    5.665464e-01    3.580000e+02    4.164018e+01    9.678838e+01
   1.069386e+02    3.062311e+03    1.057115e+04    2.893946e-01    1.191816e+00    1.229997e+00    3.593415e-01    3.580000e+02    3.849368e+01    1.383155e+02
   1.604079e+02    4.593467e+03    1.185673e+04    1.175290e-02    1.647465e+00    1.205928e+00    4.045903e-01    3.580000e+02    5.478537e+01    1.325040e+02
   1.659981e+03   -6.190059e+03    2.857699e+03    1.211666e-01    2.455560e+00    1.837440e+00    5.647071e-01    3.580000e+02    4.673212e+01    1.237037e+02
   1.713450e+03   -4.658904e+03    4.143274e+03    1.221223e-01    1.921575e+00    1.787470e+00    5.764892e-01    3.580000e+02    3.491235e+01    1.191771e+02
   1.766919e+03   -3.127748e+03    5.428850e+03    1.223623e-01    1.491364e+00    1.166409e+00    3.713287e-01    3.580000e+02    2.777512e+01    1.054728e+02
   1.820389e+03   -1.596592e+03    6.714425e+03    2.794916e-01    9.212385e-01    1.076300e+00    3.025365e-01    3.580000e+02    3.671032e+01    1.166047e+02
   1.873858e+03   -6.543675e+01    8.000000e+03    2.224109e-02    7.002957e-01    1.225981e+00    4.445399e-01    3.580000e+02    5.155287e+01    1.057552e+02
   1.927327e+03    1.465719e+03    9.285575e+03    1.027539e-02    8.133753e-01    8.357225e-01    2.016910e-01    3.580000e+02    4.183296e+01    1.360789e+02
   1.980797e+03    2.996874e+03    1.057115e+04    1.567618e-03    1.346157e+00    7.709229e-01    1.411803e-01    3.580000e+02    4.384215e+01    1.178022e+02
   2.034266e+03    4.528030e+03    1.185673e+04    1.617094e-02    1.752519e+00    1.201511e+00    3.985079e-01    3.580000e+02    3.480642e+01    8.719939e+01
   3.533839e+03   -6.255496e+03    2.857699e+03    7.704365e-02    2.610987e+00    8.511506e-01    8.421069e-02    3.580000e+02    4.556016e+01    1.081491e+02
   3.587308e+03   -4.724340e+03    4.143274e+03    1.133621e-01    2.149806e+00    8.345204e-01    9.534665e-02    3.580000e+02    4.240384e+01    8.784520e+01
   3.640777e+03   -3.193185e+03    5.428850e+03    1.801119e-01    1.590441e+00    1.677019e+00    5.548128e-01    3.580000e+02    4.510434e+01    1.082667e+02
   3.694247e+03   -1.662029e+03    6.714425e+03    1.853790e-01    1.217392e+00    1.123844e+00    3.408400e-01    3.580000e+02    2.725575e+01    1.285932e+02
   3.747716e+03   -1.308735e+02    8.000000e+03    1.053528e-01    1.327674e+00    1.930897e+00    6.271496e-01    3.580000e+02    3.580979e+01    1.245952e+02
   3.801185e+03    1.400282e+03    9.285575e+03    9.471058e-02    1.273241e+00    1.505580e+00    5.135405e-01    3.580000e+02    4.690234e+01    1.378416e+02
   3.854654e+03    2.931438e+03    1.057115e+04    2.768901e-02    1.900819e+00    1.528192e+00    5.381244e-01    3.580000e+02    4.052963e+01    1.352249e+02
   3.908124e+03    4.462593e+03    1.185673e+04    5.961394e-02    2.226473e+00    1.277401e+00    3.963797e-01    3.580000e+02    3.896325e+01    9.188038e+01
   5.407696e+03   -6.320933e+03    2.857699e+03    3.467589e-02    2.916457e+00    7.925532e-01    4.548275e-02    3.580000e+02    3.409699e+01    9.911000e+01
   5.461166e+03   -4.789777e+03    4.143274e+03    6.206459e-02    2.342599e+00    9.808950e-01    2.556860e-01    3.580000e+02    3.664256e+01    1.019838e+02
   5.514635e+03   -3.258621e+03    5.428850e+03    7.784316e-03    1.832825e+00    1.126740e+00    4.030866e-01    3.580000e+02    5.480651e+01    1.005414e+02
   5.568104e+03   -1.727466e+03    6.714425e+03    2.442633e-01    1.890759e+00    2.177716e+00    6.493654e-01    3.580000e+02    5.053467e+01    1.190426e+02
   5.621573e+03   -1.963103e+02    8.000000e+03    3.640059e-01    1.725182e+00    2.263652e+00    6.573458e-01    3.580000e+02    2.989532e+01    1.324942e+02
   5.675042e+03    1.334845e+03    9.285575e+03    1.231004e-01    1.844363e+00    1.445469e+00    4.850274e-01    3.580000e+02    3.454748e+01    1.162554e+02
   5.728512e+03    2.866001e+03    1.057115e+04    4.188778e-02    2.274813e+00    1.351586e+00    4.680245e-01    3.580000e+02    2.914620e+01    1.379836e+02
   5.781981e+03    4.397157e+03    1.185673e+04    2.933306e-02    2.534409e+00    8.509569e-01    1.203770e-01    3.580000e+02    3.276162e+01    1.247716e+02
   7.281554e+03   -6.386369e+03    2.857699e+03    1.150180e-02    3.288826e+00    8.635051e-01    1.560103e-01    3.580000e+02    2.716035e+01    8.771409e+01
   7.335023e+03   -4.855214e+03    4.143274e+03    2.140174e-02    2.796437e+00    1.088731e+00    3.523475e-01    3.580000e+02    2.998610e+01    1.371302e+02
   7.388493e+03   -3.324058e+03    5.428850e+03    9.235255e-02    2.546925e+00    1.550010e+00    5.264163e-01    3.580000e+02    5.236211e+01    1.110391e+02
   7.441962e+03   -1.792903e+03    6.714425e+03    1.204139e-01    2.334242e+00    1.457401e+00    4.911013e-01    3.580000e+02    4.554216e+01    1.269193e+02
   7.495432e+03   -2.617470e+02    8.000000e+03    3.692409e-01    2.046712e+00    2.788076e+00    7.190739e-01    3.580000e+02    3.859556e+01    1.402946e+02
   7.548900e+03    1.269409e+03    9.285575e+03    1.905916e-01    2.429484e+00    9.996412e-01    2.312746e-01    3.580000e+02    4.453112e+01    9.059524e+01
   7.602370e+03    2.800564e+03    1.057115e+04    7.988690e-02    2.365772e+00    1.047340e+00    2.827461e-01    3.580000e+02    4.352573e+01    1.252261e+02
   7.655839e+03    4.331720e+03    1.185673e+04    2.285866e-02    2.642021e+00    1.411795e+00    4.706922e-01    3.580000e+02    4.473288e+01    8.418766e+01
   9.155413e+03   -6.451806e+03    2.857699e+03    2.062778e-03    3.966854e+00    1.224839e+00    4.434016e-01    3.580000e+02    4.807137e+01    1.373109e+02
   9.208882e+03   -4.920650e+03    4.143274e+03    4.118408e-03    3.037869e+00    1.751494e+00    6.135610e-01    3.580000e+02    3.731216e+01    1.207355e+02
   9.262351e+03   -3.389495e+03    5.428850e+03    1.588283e-01    3.051190e+00    1.949519e+00    6.048088e-01    3.580000e+02    3.291847e+01    8.784939e+01
   9.315819e+03   -1.858339e+03    6.714425e+03    3.497274e-01    2.722456e+00    9.578860e-01    1.696712e-01    3.580000e+02    3.812235e+01    9.995432e+01
   9.369289e+03   -3.271837e+02    8.000000e+03    1.663370e-01    2.734901e+00    9.992513e-01    2.257024e-01    3.580000e+02    3.581956e+01    1.085772e+02
   9.422759e+03    1.203972e+03    9.285575e+03    8.395573e-02    2.707271e+00    1.484817e+00    4.918935e-01    3.580000e+02    4.166710e+01    9.760936e+01
   9.476228e+03    2.735127e+03    1.057115e+04    1.299720e-01    2.835407e+00    1.110439e+00    2.932677e-01    3.580000e+02    5.027370e+01    1.092967e+02
   9.529697e+03    4.266283e+03    1.185673e+04    3.412538e-02    3.160840e+00    1.356122e+00    4.274928e-01    3.580000e+02    5.466003e+01    1.284905e+02
   1.102927e+04   -6.517243e+03    2.857699e+03    1.392882e-03    4.323052e+00    1.653690e+00    5.834910e-01    3.580000e+02    3.331381e+01    8.597950e+01
   1.108274e+04   -4.986087e+03    4.143274e+03    3.347712e-02    3.817526e+00    9.904826e-01    2.467765e-01    3.580000e+02    4.895009e+01    9.898017e+01
   1.113621e+04   -3.454932e+03    5.428850e+03    4.329122e-02    3.396187e+00    1.213823e+00    3.852086e-01    3.580000e+02    4.766431e+01    1.266875e+02
   1.118968e+04   -1.923776e+03    6.714425e+03    1.304149e-02    3.177824e+00    1.186209e+00    4.117145e-01    3.580000e+02    3.978327e+01    1.077212e+02
   1.124315e+04   -3.926205e+02    8.000000e+03    5.018293e-02    3.414119e+00    8.366046e-01    1.166655e-01    3.580000e+02    4.798054e+01    1.320214e+02
   1.129662e+04    1.138535e+03    9.285575e+03    4.169425e-02    3.194030e+00    1.293895e+00    4.260051e-01    3.580000e+02    3.234753e+01    1.290987e+02
   1.135008e+04    2.669691e+03    1.057115e+04    7.041556e-02    3.260491e+00    1.920461e+00    5.937835e-01    3.580000e+02    4.458107e+01    1.266174e+02
   1.140355e+04    4.200846e+03    1.185673e+04    7.925809e-03    3.526580e+00    1.464319e+00    4.971385e-01    3.580000e+02    4.886691e+01    1.393979e+02
   1.290313e+04   -6.582680e+03    2.857699e+03    1.080969e-02    4.474046e+00    9.197960e-01    1.404164e-01    3.580000e+02    2.908268e+01    8.431465e+01
   1.295660e+04   -5.051524e+03    4.143274e+03    1.329707e-02    4.111134e+00    1.007403e+00    2.485603e-01    3.580000e+02    4.746720e+01    9.856120e+01
   1.301007e+04   -3.520368e+03    5.428850e+03    1.739977e-02    3.784181e+00    9.264978e-01    2.014054e-01    3.580000e+02    5.383194e+01    1.189390e+02
   1.306354e+04   -1.989213e+03    6.714425e+03    4.146550e-03    3.831710e+00    1.865046e+00    6.266100e-01    3.580000e+02    4.151448e+01    1.274575e+02
   1.311700e+04   -4.580573e+02    8.000000e+03    2.491696e-02    3.847716e+00    1.737325e+00    5.686540e-01    3.580000e+02    3.472330e+01    1.080830e+02
   1.317047e+04    1.073098e+03    9.285575e+03    1.586606e-02    3.791755e+00    1.246352e+00    4.020997e-01    3.580000e+02    3.019718e+01    1.060169e+02
   1.322394e+04    2.604254e+03    1.057115e+04    1.340641e-03    3.779074e+00    9.735484e-01    2.960042e-01    3.580000e+02    3.488962e+01    1.213984e+02
   1.327741e+04    4.135409e+03    1.185673e+04    6.033611e-03    3.930413e+00    1.619731e+00    5.283641e-01    3.580000e+02    3.524952e+01    1.319576e+02
