crust_code      crust_name    
v6      v7      v8      v9              <--     P wave
vs6     vs7     vs8     vs9             <--     S wave
d6      d7      d8      d9              <--     Density
t6      t7      t8      t9      total   <--     Thickness (% of crystalline crust)
D-  01: Platform 
6.1	6.4	7.0	8.2
3.54	3.68	3.98	4.6
2.72	2.78	2.95	3.38
37.	37.	26.	999.	
E-  02: slow thin Platform 
6.0	6.3	6.9	8.2
3.48	3.62	3.93	4.6
2.67	2.73	2.91	3.38
33.	34.	33. 	999.	
F-  03: Archean (Antarctica)
6.3	6.4	6.8	8.2
3.63	3.67	3.85	4.6
2.79	2.81	2.89	3.38
40.	30.	30.	999.
G1  04: early Archean 
6.2	6.4	6.8	8.2
3.6	3.7	3.9	4.6
2.76	2.81	2.91	3.38
33.	33.	34.	999.
G2  05: late Archean 
6.2	6.4	6.8	8.2
3.6	3.7	3.9	4.6
2.76	2.81	2.91	3.38  
28.     36.     36.     999.
H1  06: early/mid  Proter., 
6.1     6.5     6.9     8.2
3.53    3.71    3.93    4.6
2.74    2.83    2.92    3.38
32.     36.     32.     999.
H2  07: early/mid  Proter. (Antarctica, slow)
5.9     6.1     6.6     8.2
3.43    3.53    3.82    4.6
2.69    2.74    2.85    3.38
36.     36.     28.     999.
I1  08: late Proter.
6.2	6.5	7.1	8.2
3.54	3.74	4.05	4.6
2.72	2.82	3.00	3.38
34.     33.     33.     999.
I2  09: slow late Proter.  
6.0	6.2	6.9	8.2
3.47	3.58	3.94 	4.6
2.72	2.77	2.92	3.38
34.     33.     33.     999.
J-  10: island arc
5.8	6.3	6.9	8.1
3.4	3.62	3.94	4.55
2.63	2.74	2.92	3.35
34.     33.     33.     999.
K-  11: forearc
5.8	6.3	6.9	8
3.4	3.62	3.94	4.5
2.63	2.74	2.92	3.30
38.     32.     30.     999.
L1  12: continental arc
6.0	6.5	7.1	8.0
3.5	3.74	4.04	4.5
2.72	2.82	2.99	3.30
28.     37.     35.     999. 
L2  13: slow continental arc
5.9	6.2	6.8	8.0
3.44	3.57	3.87	4.5
2.67	2.69	2.86	3.30
28.     37.     35.     999. 
M-  14: extended crust
6.1	6.3	6.6	8
3.55	3.65	3.6	4.5
2.74	2.78	2.86	3.30
33.     33.     34.     999.
N-  15: fast extended crust (Antarctica)
6.4	6.6	7.0	7.9
3.72	3.82	3.82	4.45
2.87	2.91	3.03	3.26
34.     33.     33.     999.
O-  16: Orogen (Antarctica), thick upper crust, thin lower crust
6.3	6.7	7.0	7.9
3.66	3.85	3.99	4.45
2.79	2.87	2.95	3.26
45.     33.     22.     999.
P-  17: orogen, thick upper crust, very thin lower crust
6.1	6.3	7.0	8
3.55	3.65	3.99	4.5
2.74	2.78	2.95	3.30
44.     39.     17.     999. 
Q-  18: orogen, thick upper crust, fast middle crust
6.3	6.6	7.0	7.9
3.63	3.8	3.99	4.45
2.79	2.86	2.95	3.26
42.     37.     21.     999.
R1  19: orogen with slow lower crust (Andes)
6	6.3	6.6	8
3.5	3.68	3.82	4.45
2.72	2.79	2.85	3.30
25.     30.     45.     999.
R2  20: slow orogen (Himalaya)
6	6.3	6.6	8
3.52	3.68	3.82	4.45
2.72	2.79	2.85	3.30
50.     24.     26.     999.
T-  21: Margin-continent/shield  transition
6	6.6	7.2	8.2
3.5	3.8	4.10	4.6
2.72	2.86	3.03	3.38
33.     33.     34.     999.
U-  22: slow Margin/Shield (Antarctica)
5.9	6.3	6.9	8.2
3.44	3.62	3.87	4.5
2.67	2.74	2.91	3.3
33.     33.     34.     999.
X-  23: Rift
6	6.6	7.2	8
3.5	3.8	4.10	4.5
2.72	2.86	3.03	3.3
35.     32.     33.     999.
Z1  24: Phanerozoic
5.9	6.3	6.9	8
3.44 	3.62	3.87	4.5
2.67	2.74	2.91	3.3
34.     33.     33.     999.
Z2  25: fast Phanerozoic (E. Australia, S. Africa, N. Siberia)
6.3	6.7	7.0	8
3.63 	3.80	3.98	4.5
2.79	2.87	2.94	3.3
30.     35.     35.     999.
A1  26: normal oceanic
5.0	6.5	7.1	8.15
2.7	3.7	4.05	4.65
2.55	2.85	3.05	3.35
10.     22.     68.     999.
A0  27: oceans 3 Myrs and younger
4.7	6.3	6.9	8.15
2.54	3.59	3.94	4.65
2.40	2.76	2.96	3.35
17.     17.     66.     999.
B-  28: melt affected o.c. and oceanic plateaus
5.0	6.5	7.1	8.15
2.7	3.7	4.05	4.65
2.55	2.85	3.05	3.35
10.     20.     70.     999.
C-  29: continental shelf
6.0	6.6	7.2	8.2
3.5	3.8	4.1	4.6
2.72	2.86	3.03	3.38
34.     34.     32.     999.
S-  30: continental slope, margin, transition 
6.0	6.6	7.1	8.2
3.5	3.8	3.9	4.6
2.72	2.86	3.05	3.38
20.     30.     50.     999.
V1  31: inactive ridge, Alpha Ridge
5.0	5.9	6.9	8.15
2.7	3.5	3.95	4.55
2.55	2.7	2.95	3.35
10.     25.     65.     999.
V2  32: thinned cont. crust, Red Sea
6.0	6.6	7.1	8.15
3.5	3.8	3.9	4.55
2.72	2.86	3.05	3.35
25.     30.     45.     999.
W-  33: oceanic plateau with cont. crust
6.0	6.6	7.2	8.15
3.5	3.8	4.1	4.55
2.72	2.86	3.03	3.35
32.     33.     35.     999.
Y1  34: Caspian depression
5.9	6.6	7.1	8.15
3.45	3.8	4.05	4.55
2.7	2.86	3.00	3.35
14.     43.     43.     999. 
Y2  35: intermed. cont./oc. crust, Black Sea
6.0     6.6     7.2     8.15
3.5     3.8     4.1     4.55
2.72    2.86    3.03    3.35
33.     33.     34.     999.
Y3  36: Caspian Sea oceanic
5.1	6.5	7.1	8.15
2.75	3.7	4.05	4.65
2.57	2.85	3.05	3.35
15.     20.     65.     999. 
